143 142 147
142 141 146
143 142 147
146 145 150
148 147 152
150 151 155
150 151 155
151 152 156
151 152 156
151 152 156
152 153 157
153 154 156
153 154 156
154 155 157
154 155 157
153 154 156
142 141 146
142 141 146
142 141 146
143 142 147
144 143 148
146 147 151
148 149 153
150 151 155
152 153 157
152 153 157
151 152 156
151 152 154
152 153 155
154 155 157
154 155 157
153 154 156
140 141 145
142 141 146
143 142 147
141 140 146
139 138 144
139 140 144
138 139 143
140 141 145
143 144 148
146 147 151
147 148 152
147 148 152
148 149 153
147 151 154
147 151 154
146 150 151
141 142 146
144 143 148
146 145 150
146 145 151
146 145 151
140 141 145
139 140 144
139 140 144
141 142 146
143 144 148
145 146 150
147 148 152
149 150 154
145 149 152
145 149 152
145 149 150
142 143 147
144 145 149
146 147 151
149 150 154
149 150 154
152 153 157
151 152 156
150 151 155
149 150 154
148 149 153
148 149 153
146 150 153
147 151 154
146 150 151
146 150 151
146 150 151
143 144 148
145 146 150
146 147 151
148 149 153
150 151 155
153 154 158
153 154 158
154 155 159
154 155 159
152 153 157
151 152 156
148 152 155
148 152 155
148 152 153
149 153 154
149 153 154
145 146 150
145 146 150
146 147 151
147 148 152
148 149 153
148 149 153
150 151 155
150 154 157
150 154 157
149 153 156
148 152 155
147 151 154
147 151 154
148 152 153
148 152 153
148 152 153
144 145 149
144 145 149
144 145 149
144 145 149
145 146 150
147 148 152
148 149 153
148 152 155
147 151 154
146 150 153
146 150 153
146 150 153
146 150 153
146 150 151
147 151 152
147 151 152
143 144 146
143 144 148
143 144 148
143 144 148
144 145 149
142 146 149
144 148 151
146 150 153
146 150 153
146 150 153
146 150 153
147 151 152
147 151 152
146 150 151
146 150 151
147 151 152
146 147 149
146 147 151
146 147 151
146 147 151
147 148 152
148 152 155
150 154 157
151 155 158
150 154 157
149 153 156
148 152 155
146 150 151
144 148 149
146 150 151
146 150 151
146 150 151
147 148 150
147 148 150
148 149 151
148 149 151
148 149 151
148 149 153
149 150 154
151 152 154
151 152 154
149 153 154
148 152 153
146 150 151
145 149 150
145 149 150
145 149 150
145 149 150
145 146 148
146 147 149
147 148 150
148 149 151
149 150 152
148 149 153
148 149 153
148 149 151
150 151 153
149 153 154
148 152 153
147 151 152
146 150 151
146 150 151
145 149 150
145 149 150
145 146 148
146 147 149
147 148 150
149 150 154
150 151 155
149 150 152
149 150 152
148 149 151
150 151 153
152 153 155
153 154 156
152 153 155
151 152 154
147 151 152
146 150 151
145 149 150
147 148 150
148 149 151
148 149 151
149 150 154
150 151 155
150 151 153
150 151 153
149 150 152
150 151 153
151 152 154
153 154 156
153 154 156
153 154 156
148 152 153
147 151 152
146 150 151
149 150 154
149 150 154
149 150 154
149 150 154
149 150 154
149 150 152
149 150 152
149 150 152
149 150 152
149 150 152
149 150 152
150 151 153
151 152 154
151 152 154
150 151 153
149 150 152
148 149 153
148 149 153
148 149 153
148 149 153
148 149 153
148 149 151
149 150 152
150 151 153
149 150 152
148 149 151
148 149 151
149 150 152
151 152 154
150 151 153
149 150 152
148 149 151
33 33 35
33 33 35
32 32 34
31 31 33
30 30 32
28 28 30
27 25 26
25 23 24
27 23 22
26 22 21
26 22 19
26 22 19
22 17 14
22 17 14
24 16 14
25 17 15
35 35 37
33 33 35
30 30 32
28 28 30
27 27 29
26 26 28
27 25 26
26 24 25
27 23 22
26 22 21
24 20 17
23 19 16
25 20 17
25 20 17
24 19 16
25 17 15
34 33 38
33 32 37
32 30 35
29 27 32
24 24 26
24 24 26
27 25 28
29 27 30
27 25 26
24 22 23
23 19 18
21 17 16
25 21 20
27 21 21
28 23 20
27 22 19
31 30 35
31 30 35
31 29 34
30 28 33
28 28 30
25 25 27
23 21 24
22 20 23
20 18 19
19 17 18
21 17 16
20 16 15
20 16 15
23 19 18
29 24 21
30 25 22
27 26 31
27 26 31
28 26 31
28 26 31
27 25 28
25 23 26
23 21 24
22 20 23
21 19 20
21 19 20
22 18 17
19 15 14
20 16 15
22 18 17
27 22 19
29 24 21
25 24 29
24 23 28
25 23 28
25 23 28
24 22 25
24 22 25
24 22 25
24 22 25
24 22 23
24 22 23
25 21 20
22 18 17
23 19 18
24 20 19
25 20 17
25 20 17
29 28 33
28 27 32
28 26 31
26 24 29
26 24 27
25 23 26
23 21 24
21 19 22
19 17 18
20 18 19
24 20 19
24 20 19
23 19 18
23 19 18
25 20 17
25 20 17
36 35 40
34 33 38
32 30 35
30 28 33
29 27 30
27 25 28
24 22 25
21 19 22
17 15 16
16 14 15
20 16 15
21 17 16
23 19 18
23 19 18
24 19 16
24 19 16
38 37 42
36 35 40
33 31 36
31 29 34
28 26 29
24 22 25
23 21 22
22 20 21
21 17 18
18 14 15
19 15 14
20 16 15
24 20 19
24 20 19
23 18 15
22 17 14
37 36 41
33 32 37
31 29 34
29 27 32
24 22 25
19 17 20
18 16 17
19 17 18
21 17 18
19 15 16
21 17 16
24 20 19
23 19 18
23 19 18
24 19 16
24 19 16
34 34 36
31 31 33
29 27 30
27 25 28
23 21 24
22 20 23
22 18 19
21 17 18
21 17 18
22 18 19
23 19 18
24 20 19
25 19 19
24 18 18
22 16 16
22 16 16
32 32 34
29 29 31
26 24 27
23 21 24
21 19 22
21 19 22
24 20 21
24 20 21
24 20 21
24 20 21
23 19 18
22 18 17
23 17 17
22 16 16
21 15 15
21 15 15
31 31 33
27 27 29
24 22 25
21 19 22
22 18 19
23 19 20
24 20 21
26 22 23
26 22 23
26 22 23
24 20 19
22 18 17
22 16 16
21 15 15
21 15 15
21 15 15
32 32 34
29 29 31
26 24 27
24 22 25
23 19 20
23 19 20
23 19 20
23 19 20
24 20 21
25 21 22
25 21 20
24 20 19
24 18 18
22 16 16
21 15 15
21 15 15
34 34 36
31 31 33
28 26 29
26 24 27
25 21 22
23 19 20
21 17 18
20 16 17
20 16 15
21 17 16
22 18 17
23 19 18
24 18 18
22 16 16
21 15 15
20 14 14
35 35 37
31 31 33
27 25 28
24 22 25
25 21 22
23 19 20
22 18 19
20 16 17
19 15 14
19 15 14
19 15 14
20 16 15
22 16 16
21 15 15
20 14 14
20 14 14
181 49 62
182 50 63
182 50 63
180 48 61
181 49 62
183 51 64
182 50 63
182 47 61
179 44 58
178 43 57
179 44 58
181 49 62
182 50 63
184 52 65
186 54 67
185 53 66
181 49 62
182 50 63
182 50 63
181 49 62
181 49 62
182 50 63
181 49 62
180 48 61
180 48 61
181 49 62
183 51 64
185 53 66
186 54 67
188 56 69
189 57 70
187 55 68
180 48 59
180 48 59
181 49 60
183 51 62
184 52 63
184 52 63
182 50 61
180 48 59
180 48 59
182 50 61
183 53 63
185 55 65
187 57 67
187 57 67
184 54 64
182 52 62
179 47 58
180 48 59
182 50 61
181 49 60
183 51 62
184 52 63
183 51 62
181 51 61
179 49 59
180 50 60
181 51 61
184 54 64
185 55 65
184 54 64
181 51 61
180 50 60
175 43 54
177 45 56
180 48 59
183 51 62
185 53 64
186 54 65
186 54 65
183 53 63
181 51 61
179 49 57
178 48 56
179 49 59
181 51 61
181 51 61
180 50 60
179 49 59
175 43 54
177 45 56
179 47 58
186 54 65
187 55 66
188 56 67
188 56 67
185 55 65
182 52 62
180 50 58
178 48 56
179 49 59
181 51 61
183 53 63
184 54 64
185 55 65
178 47 55
180 48 59
181 49 60
182 50 61
183 51 62
184 53 61
184 53 61
183 53 61
183 53 61
182 52 60
182 52 60
181 51 59
181 51 59
181 51 59
182 52 60
185 55 65
177 46 54
177 45 56
176 44 55
176 44 55
176 44 55
178 47 55
179 48 56
180 50 58
182 52 60
183 53 61
185 55 63
182 52 60
179 49 57
176 46 54
175 45 53
177 47 57
177 46 54
176 45 53
175 44 52
175 44 52
176 45 53
177 46 54
178 47 55
178 48 56
180 50 58
183 53 61
185 55 63
184 54 62
181 51 59
178 48 56
175 45 53
176 46 54
183 52 60
183 52 60
182 51 59
179 48 56
179 48 56
180 49 57
180 49 57
179 49 57
180 50 58
182 52 60
183 53 61
182 52 60
182 52 60
180 50 58
178 48 56
177 47 55
180 49 57
181 50 58
184 53 61
183 52 60
182 51 59
180 49 57
180 49 57
182 52 60
183 53 61
182 52 60
181 51 59
182 52 60
181 51 59
180 50 58
180 50 58
179 49 57
178 47 55
177 46 54
177 46 54
179 48 56
180 49 57
180 49 57
181 50 58
182 52 60
182 52 60
181 51 59
181 51 59
184 54 62
182 52 60
181 51 59
180 50 58
180 50 58
178 47 55
176 45 53
175 44 52
178 47 55
179 48 56
180 49 57
179 48 56
178 48 56
179 49 57
180 50 58
183 53 61
183 53 61
181 51 59
179 49 57
179 49 57
180 50 58
179 48 56
176 45 53
175 44 52
178 47 55
180 49 57
180 49 57
178 47 55
176 46 54
177 47 55
178 48 56
181 51 59
180 50 58
179 49 57
177 47 55
177 47 55
179 49 57
179 48 56
176 45 53
175 44 52
179 48 56
181 50 58
182 51 59
180 49 57
178 48 56
178 48 56
177 47 55
178 48 56
179 49 57
178 48 56
177 47 55
178 48 56
178 48 56
182 51 59
180 49 57
179 48 56
183 52 60
184 53 61
182 51 59
179 48 56
178 48 56
179 49 57
180 50 58
181 51 59
180 50 58
180 50 58
180 50 58
180 50 58
179 49 57
121 99 58
115 96 56
110 90 53
106 86 51
104 83 52
104 83 54
105 84 55
103 84 52
106 87 55
111 92 59
114 96 60
113 95 59
109 91 53
102 84 46
101 81 44
104 84 47
113 91 52
108 88 51
104 84 49
102 82 49
102 81 50
104 83 54
102 83 53
99 80 50
104 85 53
107 88 56
109 90 57
108 90 54
105 87 49
101 81 44
100 80 43
106 84 45
111 89 52
108 85 51
107 84 50
107 84 52
104 83 52
104 83 52
105 86 56
105 86 56
103 84 52
103 84 52
106 86 53
106 86 53
104 84 49
104 82 45
108 86 49
116 93 52
115 92 58
113 90 56
111 88 56
110 87 55
106 85 54
105 84 53
105 86 56
106 87 57
105 86 54
106 87 55
107 87 54
108 88 53
112 90 53
115 93 54
124 101 60
133 109 65
114 92 55
114 91 57
115 92 60
113 90 58
108 87 56
105 84 55
102 81 54
100 79 50
106 85 54
106 86 53
108 85 51
110 88 51
119 96 55
131 108 66
144 120 74
153 130 80
113 91 54
112 90 53
109 86 52
106 83 51
103 82 51
103 82 53
103 82 53
102 81 52
104 83 52
109 86 52
113 91 52
119 96 54
132 110 63
149 126 76
163 140 88
173 148 92
109 87 50
107 85 48
105 82 48
104 81 49
107 84 53
108 85 54
107 84 53
107 84 53
109 86 52
119 95 57
129 106 64
141 117 69
156 133 81
172 147 91
183 159 99
188 163 99
116 94 57
113 91 54
107 84 50
104 81 47
106 83 51
108 85 53
111 88 54
118 94 58
123 99 61
137 112 71
153 129 81
168 143 89
179 155 95
189 164 100
193 168 101
196 169 98
122 98 62
121 97 61
119 95 59
117 93 57
117 93 57
116 92 54
122 99 58
134 109 68
148 124 78
162 136 87
176 151 95
186 160 101
191 166 100
195 168 99
195 169 95
197 169 95
123 99 61
126 102 64
126 102 64
127 104 63
127 104 62
128 104 60
139 115 67
159 133 82
171 146 90
182 156 97
191 166 102
196 169 102
195 168 97
194 166 92
194 167 90
196 169 90
123 97 60
120 95 55
121 96 55
130 106 62
144 120 72
157 131 80
166 141 85
175 149 90
186 161 97
191 164 97
194 167 96
196 168 95
197 169 95
199 170 94
199 170 92
199 170 90
118 93 53
123 99 55
130 106 60
143 117 68
155 130 76
166 142 82
178 153 89
187 163 93
193 167 93
195 169 94
196 169 92
195 168 89
197 168 90
199 170 92
200 171 91
202 173 93
134 107 64
140 113 66
149 123 72
160 133 78
172 146 87
181 156 90
187 160 91
191 165 91
199 172 95
199 172 91
197 170 89
196 169 88
198 169 89
199 170 90
201 172 94
202 173 95
143 116 69
155 128 75
167 140 85
176 150 91
184 159 93
192 165 96
195 169 95
197 171 94
199 172 91
200 174 90
199 173 89
197 171 87
199 170 90
199 170 90
199 170 92
199 170 92
157 130 77
169 140 82
179 150 90
186 158 93
193 166 97
198 170 97
199 172 95
199 172 93
199 172 91
199 173 89
200 172 89
198 170 87
199 170 90
198 169 91
197 168 92
197 168 92
174 145 87
186 158 93
195 167 102
195 168 99
193 164 94
192 164 90
196 169 92
201 174 95
199 172 91
200 174 90
199 171 88
197 168 88
197 168 90
197 168 90
198 169 93
199 170 94
28 28 28
27 27 27
27 27 27
27 27 27
27 27 27
29 29 29
29 29 29
30 30 30
30 30 30
29 29 29
29 29 29
32 32 32
35 35 35
40 40 40
44 44 44
47 47 47
28 28 28
29 29 29
29 29 29
30 30 30
30 30 30
29 29 29
30 30 30
31 31 31
32 32 32
32 32 32
33 33 33
36 36 36
38 38 38
40 40 40
43 43 43
46 46 46
30 30 30
30 30 30
31 31 31
32 32 32
33 33 33
32 32 32
32 32 32
32 32 32
34 34 34
35 35 35
37 37 37
39 39 39
40 40 40
42 42 42
44 44 44
46 46 46
29 29 29
29 29 29
30 30 30
31 31 31
31 31 31
33 33 33
32 32 32
32 32 32
33 33 33
35 35 35
36 36 36
37 37 37
38 38 38
42 42 42
44 44 44
45 45 45
28 28 28
29 29 29
29 29 29
30 30 30
30 30 30
31 31 31
33 33 33
33 33 33
31 31 31
31 31 31
32 32 32
36 36 36
38 38 38
38 38 38
42 42 42
45 45 45
26 26 26
26 26 26
27 27 27
27 27 27
28 28 28
29 29 29
31 31 31
32 32 32
31 31 31
30 30 30
30 30 30
31 31 31
32 32 32
36 36 36
39 39 39
41 41 41
26 26 26
26 26 26
26 26 26
26 26 26
27 27 27
29 29 29
31 31 31
33 33 33
33 33 33
32 32 32
31 31 31
30 30 30
30 30 30
33 33 33
34 34 34
35 35 35
27 27 27
26 26 26
26 26 26
27 27 27
28 28 28
29 29 29
30 30 30
32 32 32
32 32 32
31 31 31
31 31 31
31 31 31
31 31 31
31 31 31
31 31 31
31 31 31
26 26 26
25 25 25
25 25 25
27 27 27
28 28 28
28 28 28
27 27 27
27 27 27
27 27 27
27 27 27
27 27 27
28 28 28
29 29 29
29 29 29
29 29 29
28 28 28
26 26 26
26 26 26
27 27 27
28 28 28
29 29 29
29 29 29
27 27 27
24 24 24
23 23 23
23 23 23
24 24 24
25 25 25
27 27 27
28 28 28
28 28 28
27 27 27
28 28 28
29 29 29
29 29 29
29 29 29
29 29 29
30 28 29
28 26 27
25 23 24
24 22 23
24 22 23
24 22 23
26 24 25
27 25 26
27 25 26
29 27 28
28 26 27
29 29 29
29 29 29
29 29 29
28 28 28
27 27 27
29 27 28
27 25 26
25 23 24
24 22 23
24 22 23
24 22 23
25 23 24
26 24 25
26 24 25
28 26 27
28 26 27
29 29 29
28 28 28
28 28 28
29 29 29
30 30 30
30 28 29
30 28 29
30 28 29
29 27 28
28 26 27
27 25 26
26 24 25
24 22 23
26 24 25
26 24 25
28 26 27
27 27 27
27 27 27
26 26 26
26 26 26
27 27 27
30 28 29
31 29 30
31 29 30
31 29 30
30 28 29
29 27 28
27 25 26
25 23 24
25 23 24
26 24 25
27 25 26
27 27 27
27 27 27
25 25 25
25 25 25
25 25 25
25 23 24
26 24 25
27 25 26
28 26 27
29 27 28
30 28 29
29 27 28
29 27 28
26 24 25
26 24 25
27 25 26
26 26 26
26 26 26
25 25 25
24 24 24
25 25 25
27 25 26
28 26 27
28 26 27
27 25 26
27 25 26
27 25 26
27 25 26
27 25 26
27 25 26
28 26 27
29 27 28
176 147 69
176 147 69
175 146 68
176 147 69
173 144 68
172 143 67
170 141 65
170 141 65
170 141 65
170 141 65
172 143 67
173 144 68
174 145 69
173 144 68
172 143 67
171 142 66
176 147 69
174 145 67
174 145 67
174 145 67
174 145 69
172 143 67
170 141 65
169 140 64
169 140 64
170 141 65
170 141 65
171 142 66
176 147 71
176 147 71
175 146 70
175 146 70
175 146 68
173 144 66
172 143 65
172 143 65
171 142 64
171 142 64
170 141 63
171 142 64
173 144 68
175 146 70
176 147 71
177 148 72
174 145 69
174 145 69
174 145 69
173 144 68
176 147 69
175 146 68
173 144 66
172 143 65
173 144 66
172 143 65
172 143 65
173 144 66
175 146 70
177 148 72
177 148 72
176 147 71
170 141 65
170 141 65
170 141 65
170 141 65
175 146 70
175 146 70
175 146 70
175 146 70
176 147 71
174 145 69
173 144 68
172 143 67
173 144 68
174 145 69
176 147 71
178 149 73
177 145 70
176 144 69
176 144 69
175 143 68
176 147 71
177 148 72
176 147 71
176 147 71
173 144 68
172 143 67
172 143 67
172 143 67
174 145 69
176 147 71
176 147 71
176 147 71
180 148 73
177 145 70
176 144 69
177 145 70
175 146 70
175 146 70
174 145 69
174 145 69
172 143 67
171 142 66
170 141 65
172 143 67
174 145 69
176 147 71
176 147 71
176 147 71
176 144 69
174 142 67
173 141 66
174 142 67
175 146 70
175 146 70
173 144 68
173 144 68
173 144 68
172 143 67
171 142 66
172 143 67
173 144 68
175 146 70
176 147 71
176 147 71
176 144 69
176 144 69
175 143 68
174 142 67
176 147 71
175 146 70
174 145 69
174 145 69
173 144 68
173 144 68
174 145 69
174 145 69
174 145 69
174 145 69
174 145 69
175 146 70
176 144 69
176 144 69
176 144 69
175 143 68
173 144 68
172 143 67
172 143 67
172 143 67
173 144 68
174 145 69
176 147 71
177 148 72
175 146 70
174 145 69
173 144 68
173 144 68
175 143 68
174 142 67
173 141 66
173 141 66
171 142 66
172 143 67
172 143 67
172 143 67
174 144 71
175 145 72
176 146 73
176 146 73
175 145 72
174 144 71
173 143 70
172 142 69
176 144 71
176 144 71
177 145 72
177 145 72
176 147 71
176 147 71
178 149 73
178 149 73
176 146 73
175 145 72
174 144 71
174 144 71
174 144 71
174 144 71
174 144 71
174 144 71
176 144 71
179 147 74
181 149 76
181 149 76
177 148 72
178 149 73
178 149 73
176 147 71
174 144 71
173 143 70
171 141 68
170 140 67
171 141 68
172 142 69
174 144 71
175 145 72
177 145 72
177 145 72
178 146 73
179 147 74
174 145 69
177 148 72
179 150 74
179 150 74
175 145 72
175 145 72
174 144 71
174 144 71
173 143 70
173 143 70
172 142 69
171 141 68
174 142 69
174 142 69
175 143 70
176 144 71
171 142 64
173 144 66
176 147 71
177 148 72
176 147 71
176 147 71
175 146 70
175 146 70
175 146 70
174 145 69
172 143 67
171 142 66
175 143 68
175 143 68
175 143 68
175 143 68
172 143 65
173 144 66
174 145 69
174 145 69
175 146 70
174 145 69
173 144 68
173 144 68
174 145 69
174 145 69
175 146 70
175 146 70
176 144 69
176 144 69
175 143 68
175 143 68
162 161 166
163 162 167
163 162 167
164 163 168
161 160 165
156 155 160
153 152 157
154 153 158
156 155 160
159 158 163
161 160 165
163 162 167
163 162 167
164 163 168
165 164 169
165 164 169
163 162 167
165 164 169
165 164 169
163 162 167
162 161 166
160 159 164
159 158 163
159 158 163
162 161 166
164 163 168
164 163 168
163 162 167
162 161 166
163 162 167
165 164 169
166 165 170
160 159 164
161 160 165
161 160 165
160 159 164
161 160 165
163 162 167
164 163 168
165 164 169
166 165 170
166 165 170
166 165 170
164 163 168
163 162 167
162 161 166
163 162 167
164 163 168
160 159 164
161 160 165
161 160 165
167 166 171
167 166 171
166 165 170
164 163 168
163 162 167
164 163 168
166 165 170
166 165 170
167 166 171
166 165 170
164 163 168
164 163 168
164 163 168
161 160 166
164 163 169
166 165 171
166 165 171
166 165 171
164 165 170
164 165 170
164 165 170
165 166 171
165 166 171
165 166 171
169 168 173
167 166 171
165 164 169
164 163 168
164 163 168
163 162 168
163 162 168
163 162 168
164 163 169
164 163 169
162 163 168
161 162 167
161 162 167
163 164 169
165 166 171
166 167 172
163 162 167
165 164 169
167 166 171
166 165 170
165 164 169
163 162 168
162 161 167
161 160 166
162 161 167
163 162 168
162 161 167
161 160 166
161 160 166
163 162 168
164 163 169
165 164 170
163 162 167
163 162 167
164 163 168
163 162 167
162 161 166
162 161 167
161 160 166
162 161 167
162 161 167
163 162 168
164 163 169
164 163 169
163 162 168
163 162 168
162 161 167
162 161 167
164 163 168
162 161 166
160 159 164
161 160 165
162 161 166
161 160 165
161 160 165
163 162 167
162 161 166
163 162 167
165 164 169
164 163 168
163 162 167
162 161 166
162 161 166
161 160 165
162 161 166
162 161 166
162 161 166
163 162 167
165 164 169
161 160 165
163 162 167
163 162 167
162 161 166
163 162 167
163 162 167
162 161 166
161 160 165
161 160 165
162 161 166
162 161 166
162 161 166
163 162 167
164 163 168
164 163 168
164 163 168
164 162 167
164 163 168
164 163 168
163 162 167
163 162 167
161 160 165
160 159 164
159 158 163
160 159 164
161 160 165
161 160 165
162 161 166
163 162 167
163 162 167
162 161 166
161 160 165
166 164 169
164 163 168
164 163 168
164 163 168
163 162 167
162 161 166
160 159 164
159 158 163
159 158 163
159 158 163
159 158 163
160 159 164
160 159 164
161 160 165
162 161 166
162 161 166
166 164 169
164 163 168
164 163 168
161 160 165
161 160 165
162 161 166
163 162 167
164 163 168
162 161 166
162 161 166
162 161 166
161 160 165
160 159 164
162 161 166
164 163 168
165 164 169
165 163 168
162 161 166
162 161 166
163 162 167
161 160 165
161 160 165
163 162 167
165 164 169
166 165 170
165 164 169
164 163 168
164 163 168
162 161 166
161 160 165
162 161 166
162 161 166
163 162 167
162 161 166
162 161 166
164 163 168
162 161 166
161 160 165
162 161 166
164 163 168
165 164 169
165 164 169
165 164 169
163 162 167
162 161 166
162 161 166
163 162 167
163 162 167
160 159 164
161 160 165
163 162 167
162 161 166
163 162 167
164 163 168
164 163 168
162 161 166
162 161 166
162 161 166
163 162 167
161 160 165
161 160 165
162 161 166
163 162 167
163 162 167
116 88 41
110 82 35
114 86 39
121 93 46
123 94 50
125 96 52
127 98 54
127 98 54
133 102 56
137 106 59
135 103 52
129 98 44
131 100 45
140 109 52
151 119 60
160 129 64
113 85 37
116 88 40
122 94 46
126 98 51
128 100 53
131 102 58
130 101 57
125 97 50
126 95 48
136 106 56
139 108 54
136 105 50
137 107 47
146 114 53
157 126 62
168 138 68
115 84 37
119 89 39
124 94 44
126 95 48
128 97 51
132 101 55
133 102 56
132 101 55
121 89 42
131 99 48
140 107 53
148 116 59
156 124 63
165 131 67
173 140 73
182 150 77
121 91 41
125 95 43
130 100 50
134 103 56
133 102 56
127 96 50
122 91 45
121 90 43
135 103 54
139 108 54
146 114 55
160 129 65
176 143 76
180 147 76
182 150 77
190 159 79
122 94 44
128 101 48
130 102 52
126 98 50
122 91 47
119 88 44
122 89 44
128 96 49
143 110 57
150 118 59
159 128 63
169 139 69
179 150 74
184 155 75
190 159 77
195 165 79
126 98 48
130 102 52
128 100 52
124 96 49
123 92 48
123 92 48
129 96 51
139 107 58
149 116 62
156 125 61
165 135 65
174 145 69
185 156 76
190 162 78
193 163 77
194 164 76
130 102 54
132 104 54
131 100 53
129 98 51
133 102 56
133 102 56
137 105 56
147 116 62
158 126 67
167 136 71
176 146 74
184 155 77
193 162 80
195 165 79
193 163 75
191 161 73
123 95 47
130 102 54
134 103 56
135 104 57
138 107 60
135 105 55
137 105 54
148 117 60
162 131 67
174 144 74
185 156 80
191 163 80
196 165 82
196 166 80
194 164 76
191 161 73
127 96 50
131 100 53
132 101 54
135 104 57
143 111 62
144 113 59
145 113 56
153 121 60
168 137 70
178 148 75
189 158 78
193 162 79
197 167 81
199 169 81
198 168 80
197 167 79
131 100 54
134 103 57
134 103 56
137 107 57
143 112 58
150 119 62
160 128 67
170 139 72
181 151 79
186 157 79
190 159 77
192 162 76
196 166 78
198 168 80
198 168 80
198 168 80
125 94 50
134 101 56
141 109 62
141 109 58
141 108 54
151 119 58
169 138 73
184 154 82
191 159 84
192 161 81
192 161 78
192 162 76
194 164 76
195 165 77
194 164 78
195 165 79
130 97 52
131 98 53
136 104 55
142 111 57
150 118 61
164 133 69
177 147 77
180 151 75
188 157 77
190 159 77
192 161 78
193 163 77
193 163 75
192 162 74
192 162 76
195 165 79
128 95 50
140 106 60
144 111 60
146 113 59
156 124 63
169 138 71
181 148 77
189 157 82
188 157 77
190 159 76
191 161 75
192 162 76
191 161 75
191 161 75
191 160 77
192 161 78
129 97 50
136 102 54
144 111 58
155 123 66
169 138 74
177 147 77
183 151 78
185 153 76
191 160 78
192 161 78
193 163 77
194 164 78
193 163 77
192 162 76
193 162 79
194 163 80
135 101 53
136 103 52
147 114 60
165 133 72
180 147 80
185 152 81
186 154 79
188 157 77
191 160 78
192 161 78
193 162 79
192 161 78
192 161 78
192 161 78
193 162 79
194 163 80
139 108 54
142 109 55
156 124 65
174 143 78
184 151 82
186 154 79
188 156 79
190 159 77
190 159 77
191 160 77
191 160 77
190 159 76
190 159 76
192 161 78
193 162 79
194 163 80
170 49 56
169 48 57
168 47 56
166 45 54
165 44 53
163 43 52
164 44 53
165 46 52
166 47 53
166 47 53
165 46 52
164 43 50
163 42 49
160 39 46
160 39 46
161 40 47
169 48 55
169 48 57
168 47 56
167 46 55
166 45 54
166 46 55
166 46 55
167 48 54
167 48 54
166 47 53
164 45 51
163 42 49
162 41 48
159 38 45
161 40 47
163 42 49
170 49 56
170 49 58
170 49 58
169 48 57
170 49 58
168 47 56
168 47 56
167 46 55
167 46 55
166 45 52
165 44 51
164 43 50
163 42 49
165 44 51
166 45 52
168 47 54
168 47 54
167 46 55
167 46 55
168 47 56
169 48 57
168 47 56
168 47 56
168 47 56
168 47 56
167 46 53
167 46 53
167 46 53
168 47 54
169 48 55
169 48 55
168 47 54
164 43 50
163 42 51
164 43 52
165 44 53
166 45 54
168 47 56
168 47 56
169 48 57
170 49 58
170 49 58
169 48 57
170 49 56
170 49 56
169 48 55
167 46 53
165 44 51
162 41 48
162 41 50
163 42 51
164 43 52
165 44 53
165 44 53
167 46 55
169 48 57
170 49 58
170 49 58
169 48 57
168 47 54
168 47 54
167 46 53
166 45 52
165 44 51
164 43 52
165 44 53
166 45 54
166 45 54
166 45 54
164 44 53
164 44 53
165 44 53
166 45 54
167 46 55
166 45 54
165 44 53
164 43 52
163 42 51
163 42 51
164 43 52
166 45 54
167 46 55
168 47 56
168 47 56
167 46 55
163 43 52
162 42 51
163 42 51
163 42 51
164 43 52
165 44 53
165 44 53
164 43 52
164 43 52
164 43 52
164 43 52
166 45 54
167 46 55
168 47 56
167 46 55
167 46 55
165 44 53
164 43 52
162 41 50
162 41 50
163 42 51
164 43 52
165 44 53
166 45 54
166 45 54
166 45 54
165 44 53
166 45 54
167 46 55
167 46 55
167 46 55
166 45 54
166 45 54
165 44 53
164 43 52
163 42 51
164 43 52
164 43 52
165 44 53
166 45 54
167 46 55
167 46 55
167 46 55
166 45 54
167 46 55
168 47 56
168 47 56
168 47 56
167 46 55
167 46 55
167 46 55
166 45 54
166 45 54
165 44 53
165 44 53
164 43 52
167 46 55
168 47 56
170 49 58
165 44 53
165 44 53
166 45 54
167 46 55
168 47 56
168 47 56
169 48 57
170 49 58
171 50 59
170 49 58
168 47 56
166 45 54
165 44 53
166 45 54
168 47 56
171 50 59
164 45 51
163 44 50
163 44 50
163 44 50
164 43 50
166 45 54
170 46 56
170 49 58
170 49 58
170 49 58
168 47 56
167 46 55
166 45 54
166 45 54
168 47 56
169 49 58
165 46 52
164 45 51
162 43 49
161 42 48
161 42 48
161 40 49
165 41 51
165 44 53
166 45 54
166 45 54
165 44 53
164 43 52
163 42 51
167 46 55
167 46 55
167 47 56
166 46 55
166 47 53
164 45 51
163 44 50
163 44 50
163 42 51
162 41 50
162 41 50
162 41 50
162 41 50
162 41 50
162 41 50
163 42 51
164 43 52
164 43 52
165 45 54
163 43 52
164 45 51
165 46 52
166 47 53
168 49 55
166 45 54
166 45 54
166 45 54
165 44 53
164 43 52
163 42 51
163 42 51
163 42 51
164 43 52
164 43 52
164 44 53
182 37 50
181 36 49
181 35 48
181 33 47
183 32 47
185 34 49
188 36 51
190 38 53
191 39 54
193 38 54
192 37 51
191 36 50
192 36 50
191 35 49
190 34 48
189 33 47
180 35 48
179 34 47
180 34 47
180 34 47
178 30 44
181 30 45
184 32 47
186 34 49
188 36 51
187 35 50
188 33 47
188 33 47
190 34 48
189 33 47
189 33 47
188 32 46
178 33 46
179 33 46
179 33 46
180 32 46
181 30 45
181 30 45
182 31 46
184 33 48
186 34 49
185 33 48
187 32 46
187 32 46
188 33 47
188 33 47
188 33 47
187 32 46
180 34 47
180 34 47
180 34 47
181 33 47
183 32 47
183 32 47
184 33 48
186 35 50
187 35 50
187 35 50
190 35 49
191 36 50
192 37 51
191 36 50
190 35 49
189 34 48
181 35 48
181 35 48
181 33 47
179 31 45
180 29 44
180 29 44
181 30 45
183 32 47
184 32 47
184 32 47
189 34 48
192 37 51
194 39 53
193 38 52
192 37 51
191 36 50
178 33 46
178 32 45
176 30 43
176 28 42
176 28 42
178 27 42
180 29 44
181 30 45
182 30 45
183 31 46
187 35 48
193 38 52
194 39 53
193 38 52
193 38 52
192 37 51
178 33 48
179 32 48
178 31 47
178 30 46
177 29 43
178 30 44
181 30 45
181 30 45
181 30 45
183 31 46
186 34 47
189 37 50
191 39 52
191 39 52
190 38 51
188 36 49
174 32 46
176 31 46
175 30 45
175 28 44
176 28 42
177 29 43
180 29 44
179 28 43
178 27 42
179 28 43
181 29 42
183 31 44
185 33 46
186 34 47
186 34 47
186 34 47
173 31 45
175 30 45
176 31 46
177 30 46
178 30 44
178 30 44
178 30 44
178 30 44
180 29 44
181 30 45
182 30 43
182 30 43
184 32 45
185 33 46
185 33 46
185 33 46
172 32 45
173 31 45
175 33 47
177 32 47
178 32 45
179 31 45
179 31 45
180 32 46
184 33 48
185 34 49
186 34 47
186 34 47
185 33 46
185 33 46
184 32 45
182 30 43
172 32 45
173 31 45
174 32 46
177 32 47
177 31 44
178 30 44
178 30 44
180 32 46
184 33 48
185 34 49
185 35 47
184 34 46
187 35 48
187 35 48
186 34 47
184 32 45
174 36 49
175 35 48
175 35 48
176 34 48
180 34 47
180 32 46
179 31 45
179 31 45
180 32 46
182 31 46
182 32 44
182 32 44
187 35 48
188 36 49
188 36 49
187 35 48
177 39 52
179 39 52
178 38 51
178 36 50
182 36 49
181 35 48
180 34 47
180 32 46
179 31 45
179 31 45
182 31 46
182 31 46
183 33 45
184 34 46
184 34 46
184 34 46
177 39 52
178 40 53
179 39 52
178 38 51
180 35 48
181 35 48
180 34 47
178 32 45
178 30 44
179 31 45
181 33 47
185 34 49
183 33 45
184 34 46
183 33 45
182 32 44
173 35 48
172 34 47
171 33 46
174 34 47
175 30 43
174 29 42
175 29 42
177 31 44
180 34 47
183 35 49
183 35 49
182 34 48
182 32 44
181 31 43
181 31 43
182 32 44
174 36 49
173 35 48
174 36 49
176 36 49
179 37 49
180 35 48
179 34 47
180 34 47
180 34 47
180 34 47
180 32 46
179 31 45
177 29 41
177 27 39
176 26 38
176 26 38
155 153 156
153 151 154
153 151 154
151 149 152
152 150 153
153 151 154
154 152 155
154 152 155
153 151 154
152 150 153
152 150 153
151 149 152
152 150 153
152 150 153
151 149 152
150 148 153
152 150 153
150 148 151
150 148 151
149 147 150
150 148 151
151 149 152
153 151 154
154 152 155
153 151 154
152 150 153
150 148 151
152 150 153
152 150 153
151 149 152
151 149 152
151 149 154
149 147 150
149 147 150
148 146 149
148 146 149
149 147 150
149 147 150
151 149 152
152 150 153
152 150 153
151 149 152
151 149 152
152 150 153
152 150 153
152 150 153
152 150 153
152 150 155
149 147 150
150 148 151
151 149 152
150 148 151
149 147 150
149 147 150
150 148 151
151 149 152
151 149 152
151 149 152
151 149 152
151 149 152
153 151 154
155 153 156
156 154 157
155 153 158
150 148 151
150 150 152
150 150 152
151 151 153
151 151 153
151 149 152
151 149 152
151 149 152
151 149 152
151 149 152
151 149 152
151 149 152
154 152 155
157 155 158
159 157 160
158 156 161
150 148 151
149 149 151
149 149 151
153 153 155
153 153 155
153 151 154
152 150 153
151 149 152
151 149 152
150 148 151
150 148 151
152 150 153
155 153 156
158 156 159
160 158 161
159 157 162
153 151 154
153 151 154
152 150 153
151 149 152
153 151 154
153 151 154
150 148 151
148 146 149
150 148 151
152 150 153
151 149 152
155 150 156
155 150 156
151 149 154
152 150 155
157 155 160
154 152 155
153 151 154
151 149 152
150 148 151
148 146 149
148 146 149
147 145 148
146 144 147
147 145 148
150 148 151
152 150 153
151 146 152
152 147 153
150 148 153
150 148 153
151 149 154
152 150 153
150 148 151
148 146 149
149 147 150
147 145 148
149 147 150
152 150 153
151 149 152
149 147 150
150 148 151
151 149 152
153 151 156
152 150 155
152 150 155
152 150 155
152 150 155
152 150 153
152 150 153
152 150 153
153 151 154
150 148 151
149 147 150
149 147 150
149 147 150
149 147 150
152 150 153
154 152 155
155 153 158
152 150 155
150 148 153
152 150 155
153 151 156
151 149 152
152 150 153
153 151 154
155 153 156
154 152 155
154 152 155
152 150 153
151 149 152
152 150 153
153 151 154
152 150 153
152 150 155
150 148 153
150 148 153
153 151 156
154 152 157
150 148 151
149 147 150
149 147 150
151 149 152
154 152 155
157 155 158
156 154 157
155 153 156
155 153 156
153 151 154
149 147 150
148 146 151
151 149 154
154 152 157
156 154 159
155 153 158
149 147 152
150 148 153
150 148 153
148 146 151
149 147 152
150 148 153
150 148 153
149 147 152
149 147 152
151 149 154
151 149 154
148 146 151
151 149 154
153 151 156
154 152 157
152 150 155
146 144 149
147 145 150
147 145 150
146 144 149
145 143 148
147 145 150
150 148 153
150 148 153
148 146 151
150 148 153
153 151 156
153 151 156
153 151 156
152 150 155
151 149 154
150 148 153
145 143 148
146 144 149
148 146 151
146 144 149
151 149 154
152 150 155
151 149 154
151 149 154
151 149 154
150 148 153
151 149 154
152 150 155
152 150 155
153 151 156
154 152 157
154 152 157
147 145 150
148 146 151
148 146 151
150 148 153
150 148 153
148 146 151
147 145 150
150 148 153
150 148 153
148 146 151
147 145 150
147 145 150
148 146 151
150 148 153
152 150 155
152 150 155
170 136 65
184 148 74
190 157 80
188 155 76
185 152 71
184 152 69
186 154 69
188 156 71
188 156 73
187 155 72
184 152 69
183 151 68
184 151 70
186 153 72
189 154 73
189 154 73
171 137 65
182 146 70
186 153 74
186 153 72
185 153 70
185 153 70
184 152 67
185 153 68
184 152 69
184 152 69
184 152 69
184 152 69
185 152 71
186 153 72
188 153 72
187 152 71
175 138 68
181 145 71
184 148 72
185 149 71
184 151 70
184 152 69
184 152 67
185 153 68
185 153 70
185 153 70
186 154 71
186 154 71
186 153 72
187 154 73
189 154 72
189 154 72
177 143 71
183 147 71
184 148 70
184 149 68
182 150 67
183 151 68
184 152 67
187 155 70
188 156 73
188 156 73
186 154 71
184 152 69
183 150 69
184 151 70
189 154 72
190 155 73
179 142 71
182 146 72
183 147 71
184 148 70
184 151 70
184 152 69
184 152 67
187 155 70
187 155 72
187 155 72
186 154 71
184 152 69
183 151 68
183 151 68
187 152 70
187 152 70
177 141 67
179 143 67
181 145 67
185 150 69
187 155 72
186 154 71
184 152 67
184 152 67
184 152 69
185 153 70
186 154 71
187 155 72
186 154 71
186 154 71
186 151 69
185 150 68
184 148 70
185 150 69
184 149 68
184 149 67
186 151 69
187 152 70
187 152 70
187 152 70
188 153 71
187 152 70
185 150 68
185 150 68
186 151 69
187 152 70
186 151 69
184 149 67
183 148 67
184 149 67
184 149 67
183 148 66
184 149 67
185 150 68
185 150 68
186 151 69
187 152 70
187 152 70
187 152 70
186 151 69
186 151 69
185 150 68
185 150 68
186 151 69
179 144 63
183 148 66
186 151 69
186 151 69
185 150 68
184 149 67
183 148 66
184 149 67
187 152 70
189 154 72
190 155 73
190 155 73
187 152 70
186 151 69
187 152 70
190 155 73
181 146 65
184 149 67
185 150 68
184 149 67
183 148 66
183 148 66
185 150 68
187 152 70
187 152 70
188 153 71
189 154 72
190 155 73
188 153 71
187 152 70
188 153 71
191 156 74
180 145 64
184 149 67
187 152 70
187 152 70
187 152 70
186 151 69
185 150 68
185 150 68
186 151 69
186 151 69
186 151 69
186 151 69
186 151 69
186 151 69
186 151 69
187 152 70
185 150 69
186 151 69
186 151 69
185 150 68
186 151 69
187 152 70
187 152 70
188 153 71
188 153 71
187 152 70
186 151 69
184 149 67
185 150 68
186 151 69
186 151 69
184 149 67
184 149 68
187 152 70
188 153 71
188 153 71
188 153 71
187 152 70
186 151 69
186 151 69
188 153 71
189 154 72
188 153 71
185 150 68
185 150 68
187 152 70
188 153 71
186 151 69
185 150 69
188 153 71
189 154 72
188 153 71
186 151 69
185 150 68
185 150 68
186 151 69
185 150 68
188 153 71
188 153 71
184 149 67
183 148 66
187 152 70
189 154 72
188 153 71
185 150 69
184 149 67
184 149 67
185 150 68
185 150 68
184 149 67
183 148 66
183 148 66
186 151 69
185 150 68
185 150 68
186 151 69
186 151 69
186 151 69
186 151 69
186 151 69
184 149 68
183 148 66
182 147 65
181 146 64
182 147 65
184 149 67
187 152 70
188 153 71
187 152 70
186 151 69
185 150 68
186 151 69
186 151 69
185 150 68
185 150 68
185 150 68
198 179 121
198 178 115
198 177 110
198 178 107
201 179 104
202 180 104
202 181 102
200 179 100
197 176 95
195 172 92
193 170 90
192 169 89
192 169 89
191 168 88
191 168 88
191 168 88
197 177 114
197 177 108
196 176 103
198 176 101
199 177 101
198 177 96
199 178 97
199 178 97
196 175 94
195 172 92
193 170 90
192 169 89
191 168 90
191 168 90
190 167 89
190 167 89
198 179 110
198 178 105
200 178 102
199 178 99
198 177 96
199 176 96
197 175 92
195 172 92
195 172 92
194 171 93
193 170 92
192 169 91
192 169 93
191 168 92
190 167 91
189 166 90
198 178 105
199 177 102
199 178 99
198 177 96
197 176 95
197 175 92
196 174 91
195 172 92
196 173 93
196 173 95
194 171 93
193 170 94
192 169 93
192 169 93
192 169 93
191 168 92
197 178 102
199 177 101
199 178 99
198 177 96
198 177 96
197 174 94
196 173 93
195 172 92
195 172 92
195 172 94
193 170 92
192 169 93
192 169 93
193 170 94
192 169 93
192 169 93
199 177 101
199 178 99
199 178 99
199 178 97
199 178 97
199 176 96
197 174 94
195 172 92
193 170 90
192 169 91
191 168 90
191 168 92
191 168 92
191 168 92
192 169 93
192 169 93
199 178 99
199 178 99
199 178 97
199 178 97
199 178 97
199 176 98
197 174 96
195 172 94
193 170 92
192 169 91
190 167 89
190 167 89
191 168 90
191 168 92
191 168 92
192 169 93
198 175 95
198 177 96
198 177 96
198 177 96
198 177 96
196 173 95
196 173 95
195 172 94
195 172 94
194 171 93
192 169 91
191 168 90
191 168 90
191 168 90
191 168 92
192 169 93
199 174 94
198 175 95
197 174 94
196 175 96
195 174 95
194 171 95
194 171 95
194 171 93
195 172 94
194 171 93
192 169 91
190 169 90
190 169 90
192 169 91
191 168 90
191 168 90
199 174 92
197 174 94
196 173 93
194 173 94
194 173 94
194 171 95
194 171 95
193 170 92
192 169 91
192 169 91
191 168 90
190 169 90
190 169 90
192 169 91
191 168 90
190 167 89
198 175 95
198 175 95
198 175 95
197 176 95
196 175 96
195 172 96
194 171 95
193 170 94
191 168 92
189 166 90
187 164 88
188 165 89
188 165 89
189 166 90
189 166 90
187 164 88
197 174 94
197 174 94
197 174 94
195 174 93
195 174 95
197 174 98
195 172 96
193 170 94
190 167 91
187 164 88
185 162 86
185 162 86
186 163 87
186 163 87
188 165 89
188 165 89
194 171 91
194 171 91
193 170 90
191 170 91
191 170 91
190 167 91
190 167 91
188 165 89
186 163 87
184 161 85
184 161 85
185 162 86
186 163 87
186 163 87
188 165 89
189 166 90
190 167 87
191 168 88
190 167 87
188 167 88
187 166 87
185 162 86
185 162 86
185 162 86
184 161 85
184 161 85
185 162 86
186 163 87
187 164 88
187 164 88
188 165 89
187 164 88
191 168 90
191 168 90
190 167 89
188 167 88
187 166 87
188 165 87
188 165 87
188 165 87
188 165 87
187 164 86
186 163 85
185 162 84
185 162 84
186 163 85
186 163 85
183 160 84
194 171 93
193 170 92
192 169 91
190 169 90
189 168 89
188 165 87
188 165 87
188 165 87
188 165 87
187 164 86
187 164 86
186 163 85
185 162 84
187 164 86
185 162 84
183 160 84
153 140 134
152 139 133
151 138 132
152 137 132
151 136 131
152 137 132
152 137 132
151 136 131
150 135 128
150 135 128
151 136 129
151 136 129
151 136 129
151 136 129
152 135 128
150 133 126
155 142 136
154 141 135
152 139 133
150 137 131
151 138 132
154 139 134
154 139 134
154 139 134
152 137 130
152 137 130
151 136 129
150 135 128
149 134 127
147 132 125
148 131 124
147 130 123
155 144 140
156 145 141
156 145 139
158 145 139
157 144 138
155 142 136
153 138 133
152 137 132
151 136 131
151 136 131
151 136 129
150 135 128
151 136 129
148 133 126
146 131 124
147 132 125
158 147 143
158 147 143
157 146 140
157 146 140
157 144 138
156 143 137
155 140 135
153 138 133
152 137 132
151 136 131
150 135 128
150 135 128
149 134 127
148 133 126
148 133 126
150 135 128
162 151 147
160 149 145
158 147 143
158 147 143
159 146 140
158 145 139
157 144 138
156 143 137
154 141 135
153 140 134
151 138 130
150 137 129
151 136 129
151 136 129
152 137 130
153 138 131
164 153 149
160 149 145
159 148 144
158 147 143
161 148 142
161 148 142
161 148 142
160 147 141
158 145 139
156 143 137
154 141 133
153 140 132
154 139 132
155 140 133
155 140 133
155 140 133
165 151 148
162 148 145
160 146 143
159 145 142
160 147 141
161 148 142
161 148 142
161 148 142
160 147 141
158 145 139
156 143 135
155 142 134
155 140 133
155 140 133
155 140 133
156 141 134
163 149 146
161 147 144
160 146 143
159 145 142
159 146 140
159 146 140
159 146 140
159 146 140
159 146 140
158 145 139
156 143 135
155 142 134
155 140 133
155 140 133
155 140 133
156 141 134
162 148 145
161 147 144
161 147 144
160 146 143
158 145 139
158 145 139
158 145 137
158 145 137
158 145 137
157 144 136
156 143 135
155 142 134
155 140 133
156 141 134
156 142 133
157 143 134
161 147 144
160 149 143
160 149 143
161 148 142
159 146 140
158 145 139
157 144 136
157 144 136
158 145 137
158 145 137
156 143 135
155 142 134
154 141 133
156 141 134
157 143 134
159 145 136
161 150 144
159 148 142
159 148 142
160 150 141
161 151 142
160 150 141
159 149 140
158 148 139
157 147 138
156 146 137
154 144 135
156 143 135
156 143 135
158 145 137
160 147 139
161 148 140
161 152 143
159 150 141
158 149 140
158 149 140
158 148 139
158 148 139
159 149 140
159 149 140
158 148 139
157 147 138
155 145 136
155 145 136
158 145 137
160 147 139
161 148 140
160 147 139
163 153 144
162 152 143
162 152 143
162 152 143
162 152 143
162 152 143
162 152 143
161 151 142
163 150 142
161 148 140
160 147 139
159 146 138
159 146 138
160 147 139
160 147 138
158 145 136
162 152 143
162 152 143
162 152 143
162 152 143
161 151 142
160 150 141
158 148 139
158 148 139
160 147 139
159 146 138
158 145 137
156 143 135
157 144 136
156 143 135
156 143 134
155 142 133
161 151 142
161 151 142
161 151 142
161 151 142
160 147 139
158 145 137
157 144 136
158 145 137
160 147 139
160 147 139
158 145 136
155 142 133
152 139 130
152 139 130
152 139 130
153 140 131
161 151 142
162 152 143
163 153 144
163 153 144
164 151 143
163 150 142
163 150 142
164 151 143
165 152 144
163 150 142
159 146 137
155 142 133
151 138 129
151 138 129
152 139 130
153 140 131
163 124 55
162 125 57
160 122 57
155 120 56
147 113 52
138 106 49
131 100 46
121 90 43
110 81 37
105 78 35
103 78 38
99 75 41
94 71 39
93 70 39
91 68 37
85 61 33
157 120 50
156 119 51
152 117 51
149 115 52
142 110 51
134 103 48
124 94 44
114 86 39
108 81 38
103 78 38
99 75 39
95 72 40
92 69 38
92 69 38
92 69 38
85 64 35
154 117 47
151 114 46
144 109 45
139 105 44
132 99 45
123 93 41
115 87 40
108 81 38
104 79 39
102 78 42
101 78 44
96 73 41
89 69 36
86 66 33
86 65 34
85 64 35
153 116 48
146 111 45
140 106 43
132 100 41
124 93 39
114 84 34
106 79 34
101 76 35
99 75 37
97 74 40
96 73 39
92 72 39
89 69 36
86 66 33
85 65 32
85 64 33
152 115 47
146 111 47
141 107 46
134 102 45
125 93 42
115 84 38
106 79 36
99 74 34
95 71 35
92 69 35
88 68 35
88 68 33
87 67 32
86 66 33
85 65 32
85 64 33
151 113 48
145 110 46
139 104 46
130 97 43
123 93 43
115 86 42
107 79 39
95 71 33
88 65 31
84 64 31
83 63 30
83 63 28
84 64 29
84 64 31
84 64 31
86 65 34
145 107 42
137 101 39
130 95 37
122 89 38
118 87 41
113 84 42
105 77 38
94 70 34
88 65 31
85 65 32
85 65 32
82 62 29
83 63 30
83 62 31
82 61 30
85 61 33
145 110 44
138 104 41
130 98 41
121 89 38
116 85 39
110 81 41
102 76 39
95 71 35
90 67 33
87 67 34
87 67 34
85 65 32
84 63 32
81 60 29
79 58 29
81 57 29
146 108 43
136 100 40
128 93 39
120 86 38
114 83 39
107 77 39
100 74 37
93 69 33
89 66 32
85 65 30
83 63 30
85 64 35
85 61 33
82 58 30
80 56 30
80 56 30
139 104 40
129 94 36
120 87 34
114 82 35
111 79 38
106 78 39
100 74 39
93 70 36
87 67 32
83 64 31
82 63 30
82 61 32
82 58 30
81 57 29
81 57 31
81 57 31
131 95 37
125 89 37
120 86 38
111 80 34
105 76 34
99 74 34
94 70 34
90 67 33
84 64 31
81 62 30
81 62 30
80 59 28
81 60 31
82 61 32
83 62 33
84 60 32
126 91 37
119 86 35
114 81 36
108 79 37
102 74 34
93 67 30
87 65 28
82 62 29
80 59 28
78 59 29
79 60 30
78 57 26
81 60 29
83 62 31
84 63 32
83 59 31
125 92 41
119 87 40
114 83 39
107 78 38
99 71 32
90 64 29
86 62 28
84 61 29
82 61 30
83 62 33
84 63 34
85 62 31
85 62 31
85 62 31
85 62 31
80 59 28
120 88 39
114 83 39
108 79 39
100 72 33
94 68 31
89 65 31
87 64 32
89 66 35
88 67 36
89 68 39
91 70 41
94 71 40
91 68 37
86 63 32
84 61 30
80 59 28
112 81 37
105 77 37
100 74 37
92 68 32
90 66 32
87 64 30
88 65 33
90 67 36
91 68 37
93 70 39
94 71 40
100 75 45
95 70 40
89 66 35
85 62 31
82 61 30
107 78 38
102 76 39
99 75 39
91 68 34
89 66 34
88 65 33
88 65 33
88 65 34
88 65 34
90 67 36
92 69 38
95 70 40
93 68 38
91 68 37
88 65 34
84 63 32
184 31 51
183 30 50
182 29 49
180 27 47
180 27 47
181 28 48
183 30 50
185 32 52
186 33 53
188 35 55
188 35 55
188 32 53
185 29 50
184 28 49
185 29 50
184 31 51
184 31 51
184 31 51
183 30 50
181 28 48
179 26 46
179 26 46
181 28 48
183 30 50
183 30 50
184 31 51
186 33 53
187 34 54
187 34 54
186 33 53
185 32 52
184 31 51
188 37 56
186 35 54
183 32 51
183 32 51
185 34 53
187 36 55
186 35 54
185 34 53
183 32 51
182 31 50
183 32 51
186 35 54
188 37 56
188 37 56
186 35 54
185 34 53
189 38 57
191 40 59
192 41 60
191 40 59
190 39 58
188 37 56
187 36 55
185 34 53
182 31 50
182 31 50
182 31 50
184 33 52
184 33 52
183 32 51
182 31 50
182 31 50
185 34 53
188 37 56
190 39 58
189 38 57
186 35 54
184 33 52
182 31 50
182 31 50
182 31 50
182 31 50
182 31 50
182 31 50
180 29 48
179 28 47
179 28 47
180 29 48
185 34 53
185 34 53
184 33 52
182 31 50
181 30 49
182 31 50
183 32 51
184 33 52
183 32 51
183 32 51
182 31 50
180 29 48
178 27 46
177 26 45
178 27 46
180 29 48
183 32 51
183 32 51
182 31 50
180 29 48
179 28 47
181 30 49
184 33 52
186 35 54
184 33 52
183 32 51
180 29 48
178 27 46
177 26 45
177 26 45
178 27 46
180 29 48
178 27 46
180 29 48
182 31 50
181 30 49
179 28 47
180 29 48
182 31 50
184 33 52
184 33 52
182 31 50
179 28 47
177 26 45
176 25 44
176 25 44
177 26 45
178 27 46
177 28 48
179 30 50
180 31 51
179 30 50
180 28 49
181 29 50
183 31 52
185 33 54
184 32 53
183 31 52
181 29 50
179 27 48
177 25 46
176 24 45
176 24 45
176 24 45
179 30 50
177 28 48
175 26 46
175 26 46
176 27 47
180 31 51
182 33 53
183 34 54
183 34 54
182 33 53
182 33 53
182 30 51
179 27 48
176 24 45
175 23 44
176 25 44
178 29 48
178 29 48
177 28 47
177 28 47
177 28 48
177 28 48
179 30 50
183 34 54
186 37 57
183 34 54
181 32 52
181 32 52
178 29 48
175 26 45
175 26 45
179 30 49
179 30 49
181 32 51
180 31 50
176 27 46
176 29 48
179 32 51
181 34 53
180 33 52
180 33 52
179 32 51
180 33 52
182 35 54
182 33 52
180 31 50
179 30 49
181 32 51
182 33 52
184 35 54
181 34 52
177 30 48
177 30 49
179 32 51
179 32 51
177 30 49
176 29 48
177 30 49
180 33 52
181 34 53
182 35 53
182 35 53
183 34 53
184 35 54
180 31 50
180 31 50
179 32 50
181 34 52
181 34 53
178 31 50
176 29 48
178 31 50
179 32 51
181 34 53
181 34 53
180 33 52
181 34 52
183 36 54
185 36 55
185 36 55
176 29 47
176 29 47
177 30 48
180 33 51
181 34 53
179 32 51
178 31 50
181 34 53
183 36 55
184 37 56
183 36 55
180 33 52
180 33 51
183 36 54
185 38 56
184 37 55
179 32 50
181 34 52
180 33 51
178 31 49
178 31 50
179 32 51
179 32 51
178 31 50
180 33 52
181 34 53
181 34 53
179 32 51
180 33 51
181 34 52
182 35 53
181 34 52
